2266.0,3301
5665.0,1755
5731.0,1191
10008.0,2703
11842.0,2625
17275.0,1478
22245.0,3280
24763.0,1419
47564.0,2372
47806.0,3370
52830.0,3840
61024.0,2137
65998.0,1844
66121.0,4203
70451.0,2740
73885.0,1101
76467.0,3447
88688.0,1304
91494.0,427
97668.0,4325
101078.0,4673
101781.0,1791
105859.0,2204
111794.0,4861
114643.0,306
118139.0,662
124107.0,3506
134886.0,4285
138633.0,2122
141997.0,2762
143559.0,4608
146283.0,2683
150882.0,881
153368.0,2667
153722.0,1814
165490.0,912
180991.0,4193
183536.0,3877
186655.0,237
191340.0,2018
191651.0,2313
196646.0,3131
197890.0,2215
200284.0,3208
202212.0,2648
202953.0,4338
203993.0,44
210630.0,4633
211918.0,1092
214412.0,2686
214654.0,3345
222956.0,1031
231267.0,3683
234482.0,2627
239529.0,3366
241860.0,4995
243362.0,4679
243544.0,1461
253341.0,2739
254385.0,1183
257895.0,2272
259925.0,3701
259949.0,3352
262741.0,4452
265568.0,2873
266578.0,977
266605.0,4723
274175.0,3564
286371.0,4179
291219.0,4767
294094.0,3468
295771.0,2817
297500.0,1778
297708.0,4424
301422.0,2112
308972.0,3421
309151.0,4775
313420.0,3338
314647.0,3390
316750.0,676
317059.0,4688
319054.0,1132
320396.0,24
321617.0,1200
323395.0,2019
324306.0,1859
324676.0,3917
331282.0,639
331892.0,3194
332080.0,974
337095.0,90
341573.0,4088
345694.0,4769
346675.0,1314
347248.0,4620
348112.0,294
355655.0,3770
356531.0,849
361116.0,1815
361772.0,1236
362352.0,3
364901.0,771
368223.0,696
370022.0,1658
374482.0,84
376342.0,1481
382759.0,393
382940.0,3912
384793.0,4564
389556.0,2059
397221.0,2342
397768.0,3789
401414.0,2450
403011.0,3577
404394.0,4314
405667.0,1683
412402.0,2191
413438.0,1247
414026.0,1670
414221.0,4826
419318.0,4399
425238.0,3291
426607.0,2520
428530.0,517
431801.0,4993
432572.0,3840
433967.0,2906
438857.0,150
440491.0,3988
441883.0,3087
453121.0,3143
454798.0,4353
456301.0,320
457502.0,259
461543.0,3669
467333.0,2795
472854.0,4058
475781.0,310
478029.0,3660
481793.0,4118
484953.0,2885
486053.0,3869
487014.0,1724
493773.0,747
498007.0,4847
498549.0,1640
502369.0,4683
504130.0,1364
507117.0,2242
508136.0,2461
512371.0,3713
513092.0,2657
513255.0,4322
515964.0,1384
520786.0,4525
523492.0,3551
530413.0,1649
530662.0,970
531080.0,1588
535634.0,252
543524.0,4689
545476.0,4038
545834.0,927
546557.0,803
550416.0,3987
551103.0,4768
552115.0,3689
553772.0,3399
554982.0,2338
560780.0,1761
562383.0,1528
563419.0,1252
565459.0,4549
566587.0,2156
574595.0,4287
574931.0,954
578053.0,1398
584173.0,1580
587885.0,297
592875.0,958
594209.0,4133
595372.0,99
598795.0,362
600879.0,2386
605473.0,196
607096.0,3720
607472.0,3962
610762.0,4065
611363.0,1150
612654.0,1429
613410.0,1161
614381.0,4153
614382.0,4936
620170.0,3629
625472.0,721
625819.0,3532
628827.0,2265
634215.0,2332
635986.0,3701
638417.0,2649
642116.0,1667
643745.0,640
647544.0,3735
648528.0,4285
648812.0,470
650174.0,3278
651136.0,1802
651645.0,1848
652603.0,1402
653072.0,1987
655024.0,4181
657045.0,2124
660255.0,3014
662690.0,2091
664540.0,2162
667358.0,858
670845.0,3873
673325.0,1147
674737.0,4076
677365.0,822
677660.0,3702
681107.0,3616
682585.0,3046
683398.0,226
685226.0,2781
685868.0,2160
686460.0,4421
688710.0,216
692052.0,3663
692776.0,724
693020.0,3055
694319.0,2018
695416.0,3588
696202.0,1197
697159.0,4820
700315.0,937
701028.0,3456
703975.0,2272
703992.0,1861
704158.0,1792
704426.0,3803
705950.0,973
711349.0,4980
712139.0,1397
712410.0,3000
712438.0,711
714152.0,337
714762.0,2983
716574.0,2377
723518.0,2192
723569.0,1270
724101.0,2685
727986.0,3709
728204.0,2866
730301.0,3346
734668.0,4335
735260.0,435
735672.0,1739
735733.0,4184
737002.0,2797
738656.0,3546
742599.0,1493
743755.0,3462
745302.0,1466
747215.0,545
748533.0,2004
748776.0,4743
748840.0,1763
750010.0,642
752472.0,3438
752597.0,2079
754705.0,2116
754787.0,3948
755037.0,251
755951.0,4412
761270.0,2
762728.0,3770
763641.0,2118
767513.0,2865
767990.0,2049
769413.0,3087
769810.0,2980
770824.0,349
770854.0,1704
771006.0,3955
774389.0,4353
774751.0,4819
778276.0,3058
780645.0,4402
781393.0,3646
783201.0,4778
784114.0,752
786831.0,2923
791028.0,1193
793864.0,3949
794973.0,2026
796430.0,2090
796766.0,3056
798766.0,1357
800150.0,888
804873.0,19
804988.0,3907
805009.0,3548
806434.0,1632
810121.0,1698
811169.0,3753
814331.0,3918
815297.0,3319
815575.0,4387
823358.0,449
825587.0,453
826899.0,3367
827852.0,1045
828118.0,3992
830375.0,14
831445.0,4984
832894.0,1289
833225.0,1695
834693.0,1910
835886.0,180
837319.0,2851
838357.0,1793
841546.0,4038
842047.0,2926
845611.0,3411
846472.0,2704
846940.0,1580
847246.0,157
847940.0,4934
848447.0,156
850585.0,149
852770.0,2197
855307.0,621
856720.0,4388
857888.0,188
858801.0,357
860497.0,3681
860705.0,4148
861854.0,2090
862850.0,2681
863412.0,2215
864250.0,4413
864644.0,4085
865450.0,1782
870113.0,3370
870204.0,4080
872659.0,2973
874855.0,2784
874962.0,2887
875234.0,783
876336.0,1593
878544.0,1006
882937.0,3550
883296.0,4851
883561.0,1695
885110.0,1522
887012.0,1654
887426.0,218
887514.0,71
889323.0,2205
890292.0,2456
890459.0,2914
892330.0,4398
896710.0,3456
898548.0,3721
898784.0,3
899057.0,4454
901040.0,947
902475.0,4789
903894.0,30
905403.0,3176
905896.0,1045
906831.0,3398
908102.0,3190
908843.0,3753
911745.0,1527
913619.0,3615
914698.0,972
915971.0,2161
916341.0,3812
917339.0,2240
917517.0,2667
918035.0,3033
922842.0,3189
925327.0,55
927552.0,4017
927675.0,4294
932255.0,1188
932541.0,3708
933643.0,295
934428.0,1731
937819.0,3317
938943.0,2548
940405.0,3979
941876.0,1752
943601.0,2588
944283.0,3453
947260.0,4044
948149.0,3875
948193.0,1807
949409.0,1127
950446.0,3576
950694.0,418
950710.0,2635
951047.0,1962
953000.0,1637
953743.0,1088
954027.0,3352
956811.0,2077
957467.0,614
960847.0,3011
961290.0,2484
961608.0,828
962115.0,3467
962830.0,1256
964312.0,3582
964545.0,877
966750.0,602
967204.0,278
970022.0,3717
970805.0,699
971593.0,544
971791.0,2973
972511.0,3987
973500.0,2456
974678.0,3304
978551.0,2487
979013.0,1194
980161.0,4489
980474.0,2848
980693.0,207
983732.0,4598
984335.0,1345
984676.0,250
985254.0,1528
987737.0,3560
988745.0,2042
991507.0,3387
992484.0,600
992720.0,3122
993000.0,4544
993233.0,3146
993554.0,857
993737.0,1583
994071.0,4175
995547.0,112
1000025.0,1448
1000273.0,1926
1001591.0,53
1001903.0,4301
1002917.0,1563
1003362.0,2609
1003595.0,828
1009077.0,1366
1010812.0,2894
1012941.0,1155
1015634.0,4713
1017934.0,2614
1018048.0,2675
1019829.0,4069
1020105.0,2320
1020142.0,213
1021014.0,3484
1023557.0,426
1024551.0,1191
1025247.0,2405
1025557.0,860
1027205.0,3868
1029218.0,2913
1030942.0,3350
1033015.0,2158
1033729.0,3214
1034105.0,8
1034116.0,3993
1034658.0,1170
1035849.0,1059
1036683.0,1740
1040654.0,2758
1040963.0,4975
1042061.0,2095
1042068.0,1289
1042606.0,4066
1043150.0,4544
1043410.0,4834
1043592.0,930
1044857.0,4131
1050539.0,3882
1050773.0,2822
1054501.0,2349
1055115.0,4594
1055495.0,1739
1057189.0,551
1059236.0,1137
1060931.0,2897
1062365.0,30
1062626.0,4466
1064637.0,4581
1065153.0,3248
1066151.0,1071
1066782.0,2984
1066984.0,891
1067748.0,2538
1070116.0,777
1070278.0,435
1072019.0,4461
1075490.0,635
1077470.0,2058
1078506.0,3765
1078638.0,1557
1080476.0,1204
1081800.0,4013
1083126.0,4000
1084313.0,49
1087978.0,472
1090169.0,3124
1091046.0,3857
1091963.0,3252
1092355.0,2217
1095526.0,2055
1097329.0,4019
1097496.0,534
1097510.0,74
1098289.0,4002
1100494.0,3753
1101927.0,1849
1102102.0,2056
1107436.0,4925
1107926.0,4847
1108110.0,2764
1109048.0,1258
1109724.0,3176
1109825.0,2031
1110476.0,4719
1110833.0,3326
1112948.0,1527
1113449.0,3529
1116728.0,4049
1116754.0,3439
1116779.0,1468
1116861.0,4156
1118024.0,825
1120216.0,4684
1122449.0,2921
1123418.0,3613
1123612.0,2257
1123984.0,2567
1125573.0,4594
1126999.0,3733
1127556.0,2807
1127830.0,4907
1128337.0,3540
1132314.0,20
1133568.0,105
1133787.0,3821
1133842.0,1022
1134173.0,2163
1136321.0,310
1137958.0,3419
1138673.0,2280
1139416.0,1081
1139910.0,1216
1140060.0,1144
1142327.0,3024
1144849.0,3864
1145833.0,307
1145849.0,3803
1146593.0,2771
1146967.0,3320
1147885.0,340
1148424.0,220
1150346.0,2088
1151691.0,2191
1153247.0,207
1153857.0,1312
1154431.0,4261
1155433.0,309
1156716.0,3524
1157955.0,1009
1158199.0,3147
1159391.0,3175
1162455.0,3254
1164137.0,1579
1164145.0,3227
1165159.0,4275
1165385.0,1500
1166615.0,3568
1166799.0,3276
1167653.0,1159
1168192.0,1108
1168848.0,4362
1170270.0,3665
1170586.0,293
1172368.0,1570
1172568.0,1823
1174204.0,2739
1174554.0,2821
1176140.0,150
1176296.0,2874
1179062.0,3466
1179537.0,451
1180361.0,2031
1181864.0,3602
1181995.0,3269
1182102.0,4740
1183064.0,2828
1183303.0,3608
1183352.0,3569
1183593.0,2988
1185520.0,3858
1185901.0,1392
1190913.0,3347
1195149.0,1767
1195893.0,784
1196560.0,148
1196688.0,2223
1197261.0,1359
1197885.0,3127
1198163.0,2944
1200647.0,2032
1200836.0,2597
1203340.0,1498
1205557.0,616
1206295.0,957
1207460.0,1726
1207600.0,3562
1209472.0,2757
1210894.0,3056
1211158.0,2627
1212063.0,1690
1212419.0,687
1213557.0,820
1213591.0,4154
1213940.0,893
1213946.0,4285
1214140.0,767
1215184.0,4291
1221051.0,777
1221074.0,3193
1221693.0,1244
1221990.0,3814
1222406.0,4664
1222567.0,3950
1223786.0,1695
1224261.0,2488
1225509.0,4000
1225863.0,826
1238151.0,1568
1238307.0,1958
1239249.0,4413
1241432.0,3410
1242662.0,2114
1242708.0,3701
1243630.0,2206
1244896.0,558
1245699.0,1737
1246305.0,582
1246375.0,3908
1247232.0,1677
1248606.0,4111
1250331.0,4914
1250571.0,1908
1250890.0,701
1253990.0,3712
1254641.0,219
1256150.0,1453
1257339.0,1012
1257494.0,2165
1258540.0,3727
1259809.0,2206
1260261.0,4711
1260366.0,4724
1260532.0,174
1261882.0,4786
1262050.0,381
1262292.0,711
1263714.0,3777
1263965.0,1719
1264042.0,2174
1264213.0,2687
1265335.0,741
1270007.0,3219
1272345.0,4087
1272557.0,466
1273308.0,588
1274115.0,2524
1274943.0,2290
1276081.0,2071
1277038.0,1146
1277218.0,4004
1282555.0,4267
1283308.0,4921
1283517.0,2219
1283522.0,3355
1284006.0,4714
1284232.0,4462
1284559.0,3369
1287614.0,4452
1287614.0,679
1289994.0,1424
1290506.0,2407
1291041.0,3207
1291868.0,4172
1292574.0,1336
1293184.0,700
1293484.0,2455
1296729.0,3914
1296915.0,4862
1297642.0,4994
1298004.0,2863
1299593.0,1337
1301467.0,4124
1301535.0,915
1301549.0,1251
1302213.0,3240
1303305.0,4672
1305877.0,532
1305984.0,4134
1307123.0,3958
1308230.0,765
1308591.0,900
1311241.0,1384
1311938.0,2858
1311987.0,4243
1312489.0,139
1312622.0,4304
1314896.0,966
1315542.0,3957
1315708.0,3479
1316576.0,469
1317615.0,3045
1318674.0,3310
1321201.0,707
1321564.0,4506
1321826.0,951
1322944.0,4377
1323496.0,3672
1324409.0,1943
1324770.0,4994
1325356.0,2859
1325656.0,1318
1326256.0,4984
1327087.0,3965
1330949.0,3542
1331111.0,283
1331312.0,409
1331657.0,2357
1333181.0,4186
1334864.0,4621
1336133.0,1009
1336702.0,2988
1337344.0,4074
1338130.0,1747
1338957.0,855
1341628.0,3597
1342667.0,4553
1342825.0,2848
1343712.0,2938
1343713.0,2525
1345351.0,776
1346390.0,4062
1346623.0,4780
1347710.0,3899
1348110.0,3221
1348695.0,2208
1351669.0,4660
1351897.0,3345
1352972.0,3106
1355003.0,2943
1356649.0,404
1357025.0,1689
1359972.0,992
1359979.0,901
1361740.0,2911
1362713.0,2767
1363450.0,3389
1363548.0,1619
1363688.0,727
1364258.0,3818
1364800.0,3212
1367728.0,4223
1369501.0,3232
1371737.0,3299
1372011.0,3610
1372600.0,1309
1373134.0,1246
1373850.0,2437
1374148.0,1345
1374616.0,4678
1374665.0,744
1376922.0,2154
1377322.0,2889
1383447.0,1448
1384226.0,1583
1385048.0,3963
1385633.0,3026
1385906.0,4796
1387204.0,3574
1387426.0,2886
1389153.0,3294
1391972.0,3059
1392573.0,2925
1393351.0,2904
1395185.0,1690
1395626.0,3040
1396497.0,3639
1397390.0,3873
1398783.0,1875
1399551.0,2128
1400606.0,2456
1401678.0,2558
1403128.0,3635
1403228.0,603
1404369.0,3464
1405978.0,2564
1406656.0,4522
1406850.0,4275
1408008.0,2062
1408801.0,425
1410548.0,3508
1411053.0,4537
1411488.0,183
1411594.0,693
1412445.0,3278
1413204.0,2270
1413314.0,2529
1413565.0,2887
1413810.0,2285
1414398.0,4897
1420002.0,1431
1421535.0,3400
1422145.0,813
1422629.0,2974
1423116.0,2572
1424525.0,3199
1425140.0,3697
1425157.0,1815
1426041.0,4364
1426091.0,4845
1430044.0,46
1430779.0,4728
1431095.0,1311
1431610.0,1399
1432272.0,1668
1432366.0,283
1432834.0,3247
1436189.0,1087
1437786.0,3159
1438623.0,257
1441289.0,4482
1441380.0,4303
1441718.0,3558
1442437.0,1783
1442864.0,1204
1443148.0,4483
1443647.0,3413
1444986.0,2508
1446368.0,1154
1446927.0,302
1452237.0,3362
1452995.0,4376
1455961.0,3857
1457468.0,1110
1458018.0,2557
1458464.0,3610
1459352.0,1258
1460336.0,171
1460514.0,3000
1460788.0,113
1460948.0,4554
1463550.0,1710
1465033.0,3576
1465810.0,2730
1466164.0,3479
1466423.0,4101
1467559.0,4506
1470520.0,4779
1470880.0,1921
1471673.0,253
1472602.0,1310
1474509.0,958
1474581.0,2818
1476251.0,3017
1476325.0,2920
1477903.0,2562
1477924.0,4347
1481008.0,2295
1483712.0,4253
1483826.0,4345
1484602.0,2544
1485283.0,4012
1487888.0,1279
1491735.0,2263
1491821.0,3351
1494913.0,1096
1496075.0,2333
1498955.0,150
1499059.0,3545
1499142.0,1744
1502560.0,883
1503660.0,3889
1504872.0,2788
1506029.0,405
1506524.0,425
1508096.0,3932
1509155.0,4165
1510912.0,945
1510939.0,4145
1511242.0,4521
1511666.0,901
1512948.0,616
1513756.0,957
1514410.0,1608
1514666.0,1026
1515730.0,1594
1515861.0,4014
1515903.0,4988
1523680.0,3959
1524498.0,1796
1524595.0,762
1525372.0,3719
1525440.0,1215
1525523.0,1722
1526984.0,4596
1527882.0,2295
1528082.0,918
1529391.0,3207
1530214.0,1642
1530259.0,2555
1531202.0,3255
1532338.0,1128
1534044.0,3061
1534811.0,835
1535360.0,1073
1536323.0,4718
1536975.0,3835
1538061.0,3009
1538800.0,3988
1540749.0,2264
1541171.0,3403
1541372.0,2138
1542623.0,4705
1543481.0,4551
1544707.0,2500
1547577.0,1177
1548839.0,3308
1549145.0,1107
1549151.0,285
1549565.0,3553
1550238.0,161
1551328.0,1779
1552607.0,519
1552713.0,2872
1552891.0,1936
1554532.0,1134
1554925.0,3729
1555531.0,4639
1556128.0,4662
1556158.0,4125
1557903.0,3666
1560332.0,4100
1560353.0,1691
1560937.0,211
1561701.0,4919
1563310.0,105
1563379.0,2181
1563568.0,356
1564351.0,4074
1565291.0,1721
1565344.0,284
1567078.0,1625
1570991.0,2
1571346.0,4255
1574994.0,1979
1578000.0,4211
1581174.0,4794
1582057.0,4174
1583476.0,1331
1584193.0,2415
1584656.0,1430
1585609.0,2795
1587176.0,2977
1591316.0,2182
1591323.0,2734
1592971.0,1847
1593302.0,1778
1594512.0,425
1594815.0,4250
1594983.0,4007
1595235.0,3664
1595912.0,2900
1597730.0,4902
1598751.0,2727
1600400.0,111
1603327.0,2644
1603532.0,4853
1604428.0,807
1605010.0,1561
1605532.0,4144
1607932.0,338
1608284.0,3380
1609197.0,1927
1609725.0,2232
1610649.0,1483
1610711.0,1773
1610854.0,1487
1611865.0,360
1613747.0,2525
1614328.0,4314
1614971.0,1937
1615042.0,3118
1615906.0,4825
1617555.0,3825
1618257.0,709
1622254.0,4312
1622389.0,680
1622527.0,1757
1623396.0,4132
1625355.0,2031
1625638.0,4714
1628739.0,4576
1629305.0,1358
1632067.0,540
1633260.0,2488
1633364.0,2238
1633856.0,774
1634589.0,3219
1635018.0,1682
1636803.0,699
1637200.0,2527
1637607.0,1679
1637645.0,3279
1638812.0,1320
1640616.0,4532
1640987.0,4734
1641929.0,3226
1643199.0,6
1643742.0,4461
1643900.0,1005
1644663.0,1884
1644713.0,4919
1644738.0,4356
1644901.0,1464
1644972.0,4034
1650577.0,1021
1651534.0,2877
1651880.0,4092
1651886.0,4867
1654908.0,3881
1655346.0,2037
1655631.0,1957
1655954.0,1642
1657357.0,2184
1657772.0,2751
1662715.0,1628
1666526.0,2800
1668173.0,4162
1669884.0,3332
1670063.0,802
1670344.0,3691
1671945.0,2580
1672217.0,1685
1673120.0,1689
1674049.0,2509
1674386.0,214
1678546.0,3517
1678965.0,4462
1679537.0,1222
1679937.0,1805
1681111.0,4101
1683307.0,2632
1683327.0,2881
1683644.0,1659
1684922.0,4110
1685051.0,892
1685487.0,1689
1686734.0,2570
1687136.0,1673
1688047.0,2329
1689185.0,2703
1691745.0,3705
1692757.0,861
1693597.0,3977
1693869.0,3619
1694045.0,3217
1694141.0,337
1694875.0,399
1695347.0,859
1695355.0,1247
1696504.0,4515
1698006.0,892
1699516.0,966
1700185.0,259
1702178.0,1957
1703561.0,3605
1704059.0,2494
1704454.0,1653
1705082.0,4288
1705143.0,2584
1705193.0,3865
1705230.0,2456
1705468.0,3587
1705563.0,2170
1705828.0,3338
1710292.0,4642
1711286.0,865
1711676.0,2685
1711681.0,1160
1711709.0,691
1712386.0,2648
1712462.0,454
1713580.0,2782
1714572.0,2405
1715168.0,3996
1715510.0,562
1716864.0,2881
1720385.0,3014
1720689.0,4403
1721017.0,2521
1721603.0,4588
1721840.0,4229
1722063.0,3081
1725718.0,3247
1725752.0,1682
1725781.0,4541
1726107.0,380
1726999.0,3299
1727506.0,4387
1730097.0,4100
1731331.0,427
1731374.0,2806
1731540.0,369
1732159.0,2384
1732340.0,1019
1732604.0,4019
1734954.0,2476
1738097.0,4312
1738316.0,2316
1739590.0,2721
1741198.0,3145
1741756.0,4476
1742020.0,2649
1743451.0,2637
1746604.0,2047
1747484.0,3556
1749024.0,2585
1749072.0,1489
1749733.0,875
1750665.0,4092
1751096.0,2990
1751509.0,315
1752820.0,3552
1752974.0,3253
1755081.0,1622
1755194.0,4236
1755964.0,719
1757346.0,849
1758137.0,4951
1760981.0,800
1761364.0,136
1761920.0,2
1763103.0,3743
1763394.0,1929
1763810.0,2949
1765404.0,1659
1766713.0,2347
1768868.0,4508
1774580.0,4473
1774882.0,4528
1775214.0,2093
1775565.0,3312
1776446.0,344
1777205.0,3147
1777652.0,3942
1777769.0,4397
1782726.0,3134
1783294.0,3295
1783810.0,1071
1783920.0,728
1784813.0,2089
1785364.0,958
1785645.0,1247
1787112.0,1618
1788131.0,803
1789091.0,4164
1789566.0,2169
1795894.0,4442
1796088.0,1398
1797985.0,3699
1798430.0,517
1798939.0,3911
1799010.0,3817
1800277.0,473
1803057.0,4254
1803071.0,3049
1803263.0,4946
1803717.0,2951
1804111.0,3241
1804503.0,1438
1804506.0,287
1805175.0,4960
1805558.0,384
1806374.0,76
1809485.0,3411
1810055.0,1659
1810557.0,1400
1810619.0,3888
1813110.0,214
1813166.0,1615
1813348.0,1627
1814339.0,390
1814366.0,152
1814741.0,3258
1815692.0,1772
1815736.0,2097
1815946.0,1756
1820821.0,1378
1821803.0,226
1822509.0,604
1823156.0,4753
1823742.0,4730
1823991.0,3743
1824244.0,3473
1824819.0,3662
1825681.0,4669
1827766.0,1263
1827980.0,4677
1829871.0,773
1831372.0,1306
1831933.0,4619
1833545.0,400
1833569.0,505
1833930.0,4549
1834075.0,853
1834225.0,3160
1834836.0,4266
1838413.0,1446
1839237.0,4481
1842318.0,1859
1842515.0,2043
1846388.0,2445
1846715.0,4113
1847017.0,3060
1847053.0,138
1847136.0,358
1847151.0,1116
1847326.0,1167
1847339.0,4439
1847607.0,659
1849953.0,190
1850163.0,4387
1850528.0,3934
1850795.0,2329
1851439.0,3081
1851635.0,3757
1852939.0,1603
1853940.0,3554
1854169.0,1211
1855596.0,958
1855901.0,3726
1856908.0,2904
1857470.0,2786
1857631.0,671
1860299.0,1587
1860887.0,1264
1861139.0,1924
1861235.0,3652
1863233.0,4135
1863754.0,1547
1866334.0,3835
1866729.0,3621
1866973.0,440
1868027.0,1163
1868461.0,4267
1869188.0,4203
1869463.0,990
1870570.0,3410
1870717.0,4200
1872510.0,3845
1872936.0,3955
1873152.0,4352
1875546.0,894
1875558.0,2776
1876038.0,2816
1876090.0,1289
1876392.0,3998
1879113.0,2328
1879236.0,891
1879941.0,124
1881389.0,1754
1883690.0,2227
1884934.0,3769
1885366.0,2006
1887124.0,3088
1887131.0,241
1887523.0,4150
1887696.0,483
1888657.0,4256
1889529.0,3209
1890826.0,2126
1891479.0,275
1892207.0,3728
1893248.0,1953
1893361.0,1468
1895322.0,1553
1896754.0,1615
1897164.0,49
1897743.0,2717
1898752.0,372
1899323.0,4617
1900232.0,4135
1900287.0,3055
1901022.0,3687
1901331.0,3655
1901697.0,1337
1902591.0,2983
1903746.0,3580
1904628.0,4644
1904702.0,699
1904935.0,838
1905422.0,3646
1908606.0,300
1909314.0,612
1910772.0,387
1911730.0,2964
1912404.0,3373
1912613.0,4988
1913166.0,1074
1914603.0,4701
1914969.0,4879
1915651.0,405
1917623.0,1520
1917971.0,2970
1918532.0,596
1920576.0,2381
1921881.0,556
1923097.0,258
1924098.0,4902
1924401.0,3522
1925020.0,3631
1925795.0,2529
1925841.0,2209
1925859.0,3132
1925955.0,4743
1927213.0,680
1927373.0,2867
1927406.0,966
1927486.0,536
1928182.0,3566
1930394.0,496
1931206.0,4632
1931323.0,1122
1931957.0,1780
1931993.0,859
1932185.0,4919
1932913.0,451
1934204.0,1096
1934309.0,3764
1935110.0,940
1935835.0,4737
1935984.0,3642
1936204.0,4299
1936327.0,1287
1936613.0,1221
1940376.0,4771
1940693.0,4708
1941658.0,236
1941758.0,4627
1941958.0,2840
1943451.0,4507
1943551.0,4012
1943896.0,1468
1945034.0,3705
1947223.0,4566
1947654.0,4798
1948477.0,131
1949471.0,1144
1951349.0,1453
1951489.0,3081
1952262.0,495
1952360.0,651
1953580.0,1434
1954289.0,728
1954659.0,2003
1955991.0,3700
1956681.0,4980
1956792.0,3477
1957906.0,1203
1958162.0,3875
1958221.0,4890
1959111.0,4365
1959999.0,4849
1962428.0,934
1963945.0,4180
1964565.0,3576
1964949.0,4351
1966859.0,4057
1967003.0,2626
1967028.0,1215
1967324.0,4944
1967335.0,2446
1968006.0,3116
1969428.0,1599
1969828.0,3928
1970089.0,492
1970372.0,500
1970712.0,4301
1971547.0,3706
1971773.0,3761
1976009.0,3526
1976593.0,55
1976771.0,3482
1980405.0,2003
1980516.0,220
1981115.0,4089
1983432.0,1591
1985460.0,4792
1986083.0,1425
1986096.0,1226
1986595.0,185
1986865.0,4759
1987546.0,1802
1989611.0,2338
1989806.0,133
1990040.0,248
1991761.0,67
1992527.0,74
1993315.0,900
1993667.0,481
1993934.0,960
1994406.0,2757
1995876.0,4729
1998386.0,4966
1998461.0,3767
2000988.0,4153
2001059.0,1236
2001692.0,4830
2003219.0,861
2003416.0,4651
2004217.0,1551
2004646.0,4478
2004841.0,1588
2004987.0,4066
2006438.0,2881
2006922.0,3073
2007324.0,4202
2008234.0,3465
2009101.0,3605
2009301.0,4729
2010327.0,3242
2010698.0,3236
2012249.0,1950
2012651.0,430
2016678.0,1599
2017186.0,2660
2018914.0,566
2019060.0,3955
2019119.0,3973
2019166.0,566
2020480.0,3343
2022104.0,390
2024555.0,410
2025516.0,4245
2025587.0,2639
2026000.0,447
2026601.0,3556
2026623.0,769
2027027.0,926
2027042.0,2584
2027140.0,2932
2028076.0,2827
2028882.0,1468
2028901.0,3929
2029440.0,1442
2030645.0,3624
2033940.0,4494
2034759.0,373
2035129.0,1028
2035210.0,2806
2035483.0,1095
2035756.0,3438
2036152.0,3625
2036864.0,4946
2036941.0,641
2037094.0,3989
2037439.0,4964
2037811.0,4498
2038166.0,571
2038434.0,1641
2038645.0,2024
2040096.0,2609
2041292.0,1179
2041541.0,274
2041635.0,3886
2041672.0,4001
2041708.0,161
2042212.0,2966
2042221.0,2987
2042429.0,3489
2043398.0,2256
2043457.0,4987
2043536.0,4696
2044428.0,4084
2044429.0,2403
2045409.0,1126
2045565.0,1081
2050175.0,441
2052449.0,4838
2052494.0,1697
2052854.0,1117
2052880.0,3383
2053855.0,1635
2054244.0,197
2054269.0,2629
2056055.0,4003
2057782.0,395
2058079.0,2995
2059084.0,4811
2059375.0,4152
2059791.0,890
2059816.0,1708
2061592.0,2283
2061814.0,1619
2062349.0,1603
2062431.0,590
2062589.0,2597
2062637.0,786
2062938.0,3264
2063078.0,1456
2063371.0,2257
2064431.0,1635
2064498.0,2663
2064790.0,2071
2064793.0,3451
2065616.0,2313
2069661.0,3429
2069781.0,4714
2070416.0,1500
2071186.0,4580
2072753.0,3489
2072876.0,462
2073296.0,2923
2074593.0,864
2074626.0,4449
2074643.0,2749
2075317.0,3474
2075983.0,1399
2076360.0,459
2076774.0,1676
2079872.0,3862
2080553.0,4988
2080858.0,458
2081003.0,4794
2081210.0,4914
2081396.0,434
2082167.0,3438
2082551.0,3309
2083898.0,3197
2085192.0,4769
2086163.0,2139
2086358.0,982
2086373.0,224
2089147.0,2890
2089782.0,782
2090304.0,2260
2090591.0,926
2091408.0,856
2091527.0,1701
2091875.0,3851
2092355.0,2174
2092542.0,4308
2092643.0,4477
2092796.0,4318
2094085.0,1750
2094196.0,2509
2094983.0,352
2095186.0,1425
2095398.0,3804
2095577.0,1900
2096044.0,208
2101116.0,2150
2101239.0,4635
2101286.0,2798
2101505.0,1470
2102060.0,3390
2102402.0,2004
2102659.0,2514
2102751.0,4985
2102835.0,4254
2102924.0,1626
2103092.0,2907
2103795.0,2659
2104057.0,4595
2104538.0,4297
2105074.0,4327
2106068.0,3420
2112178.0,1141
2112351.0,1436
2112593.0,1195
2114795.0,3797
2115051.0,2883
2115230.0,2626
2115280.0,3670
2115413.0,165
2115876.0,1369
2116387.0,3794
2116579.0,4619
2117249.0,4078
2117464.0,2020
2118625.0,812
2118786.0,1823
2120127.0,2033
2120147.0,4079
2121156.0,2425
2124289.0,622
2124511.0,3260
2126276.0,4980
2127140.0,4294
2128014.0,4694
2128633.0,716
2128775.0,4412
2129102.0,4305
2129432.0,2453
2131406.0,2143
2131676.0,4422
2131694.0,1881
2131730.0,2237
2132048.0,942
2134192.0,715
2134934.0,4049
2135827.0,4323
2136444.0,3709
2136504.0,2908
2137069.0,36
2137301.0,979
2137657.0,3726
2137944.0,1269
2138178.0,609
2140274.0,2972
2140325.0,207
2141009.0,1479
2141446.0,1938
2141665.0,890
2141827.0,2912
2141960.0,1504
2142783.0,2972
2142807.0,446
2143097.0,151
2143121.0,3336
2143633.0,1067
2143835.0,3579
2144144.0,53
2145418.0,1275
2150964.0,449
2151363.0,4056
2151404.0,1504
2151733.0,4565
2151885.0,2127
2152359.0,4553
2153729.0,4165
2155408.0,3322
2156150.0,1850
2157378.0,2229
2158330.0,4263
2159024.0,283
2159367.0,728
2159514.0,4895
2162846.0,277
2162902.0,4022
2163470.0,1623
2163710.0,1245
2163937.0,1126
2163971.0,4000
2165506.0,4748
2165926.0,289
2166184.0,381
2167128.0,4929
2167426.0,4123
2170265.0,615
2170877.0,4344
2171595.0,517
2171878.0,911
2172006.0,4184
2172074.0,4953
2172973.0,347
2173246.0,3273
2173549.0,1603
2175489.0,2778
2177028.0,1103
2177175.0,4445
2177267.0,1222
2177658.0,1860
2177800.0,1854
2181751.0,694
2182005.0,2994
2182586.0,4815
2182695.0,2626
2184313.0,3700
2184641.0,4916
2185956.0,3191
2186445.0,4488
2187026.0,3756
2187960.0,2015
2187978.0,1148
2188043.0,3181
2188210.0,2184
2189133.0,3809
2189861.0,1867
2190217.0,536
2190613.0,4339
2191435.0,3100
2192449.0,4761
2192799.0,3637
2194046.0,3537
2194112.0,3458
2195117.0,151
2195671.0,157
2195841.0,2283
2196148.0,4728
2196551.0,1462
2196727.0,5
2197305.0,3667
2197450.0,479
2200584.0,1650
2201969.0,1092
2204160.0,1238
2204229.0,3276
2205810.0,3178
2205833.0,2510
2206512.0,917
2207031.0,95
2207592.0,474
2207612.0,1547
2208643.0,653
2208845.0,993
2210115.0,148
2210305.0,3445
2210386.0,2622
2210627.0,4335
2211464.0,501
2212154.0,4216
2213900.0,2133
2214552.0,726
2215950.0,2775
2216388.0,1683
2216860.0,4156
2216972.0,648
2218351.0,82
2219311.0,4281
2220003.0,1124
2220409.0,4439
2220426.0,1332
2221073.0,3826
2221408.0,3102
2221922.0,3412
2222254.0,3993
2222984.0,2634
2223554.0,4186
2223718.0,4542
2223727.0,2920
2223927.0,454
2224062.0,1755
2224224.0,4212
2224851.0,1180
2230165.0,2079
2231357.0,3268
2231445.0,3183
2231489.0,2458
2231743.0,3408
2232160.0,3029
2232248.0,2103
2232253.0,2683
2233034.0,745
2233455.0,4111
2234572.0,3429
2234807.0,2012
2235196.0,2533
2236295.0,329
2237020.0,2254
2243384.0,4517
2244124.0,4320
2244185.0,2828
2246169.0,4497
2246491.0,1012
2247029.0,1072
2247295.0,4725
2248909.0,2339
2249106.0,3708
2249662.0,889
2249741.0,212
2252716.0,2888
2253033.0,2414
2253184.0,2314
2254765.0,4792
2254955.0,3497
2255069.0,2588
2255163.0,4555
2255361.0,865
2256375.0,2259
2258078.0,2356
2259258.0,4805
2259871.0,3427
2260589.0,1229
2262026.0,617
2262055.0,4252
2262103.0,3574
2265252.0,3079
2266104.0,4422
2266180.0,1768
2266337.0,3077
2266422.0,477
2266528.0,4536
2266624.0,2740
2267320.0,901
2271255.0,4422
2271474.0,1536
2271729.0,2582
2272134.0,4750
2272470.0,1098
2273225.0,219
2273270.0,2038
2273306.0,1279
2273595.0,4923
2273891.0,1097
2274430.0,3488
2274641.0,2790
2274831.0,4474
2277134.0,743
2277144.0,19
2280196.0,4219
2280721.0,206
2281065.0,804
2282118.0,2861
2283175.0,4605
2284927.0,1513
2288753.0,1161
2288826.0,4077
2289913.0,4533
2290291.0,3292
2291749.0,879
2291916.0,2061
2292117.0,1511
2294709.0,2990
2294889.0,83
2294927.0,4041
2295259.0,3956
2295953.0,2787
2296143.0,3863
2296628.0,308
2296964.0,4238
2297265.0,1825
2297626.0,787
2299809.0,2167
2300110.0,2274
2300940.0,1507
2302378.0,1246
2302958.0,2812
2302966.0,449
2304975.0,3523
2305758.0,4074
2305893.0,3198
2306477.0,2313
2306626.0,1661
2307794.0,3785
2308169.0,4035
2308253.0,396
2308551.0,2867
2309459.0,1433
2309915.0,2457
2310949.0,1166
2311254.0,933
2311801.0,4439
2312723.0,4754
2312739.0,2427
2313764.0,704
2314248.0,1620
2316871.0,1630
2317309.0,2488
2317414.0,3228
2318496.0,1676
2319075.0,3652
2319699.0,158
2319913.0,625
2320003.0,4651
2320185.0,4598
2320484.0,3655
2320814.0,4842
2321938.0,4511
2323527.0,4252
2323702.0,1384
2324023.0,3176
2326553.0,4667
2326894.0,2723
2327188.0,3444
2327758.0,4784
2327925.0,4633
2327964.0,3494
2328709.0,4954
2328972.0,4437
2330037.0,2319
2331448.0,3502
2331577.0,3496
2331882.0,76
2332427.0,128
2333364.0,1193
2333383.0,3325
2334077.0,3137
2334436.0,2374
2334963.0,4194
2335160.0,2626
2335382.0,3605
2335767.0,2830
2337436.0,2891
2338067.0,2301
2338983.0,579
2340014.0,1680
2341796.0,2794
2341882.0,3010
2342282.0,1721
2344898.0,3042
2345135.0,2764
2345822.0,931
2345913.0,2650
2346813.0,421
2347041.0,3929
2347243.0,4498
2347575.0,4301
2347878.0,1782
2347985.0,8
2348451.0,2519
2350574.0,2316
2351388.0,2310
2352071.0,3421
2353589.0,164
2353791.0,1774
2354604.0,3114
2355006.0,3954
2355722.0,1936
2355866.0,36
2356286.0,1024
2357109.0,825
2358181.0,2757
2358837.0,2718
2359038.0,2
2359088.0,306
2361464.0,1092
2361802.0,3350
2362123.0,1546
2362890.0,4612
2362956.0,178
2363531.0,4171
2366421.0,1667
2366690.0,3500
2366920.0,4325
2367756.0,4568
2367933.0,1171
2368279.0,3614
2368279.0,95
2368308.0,3490
2369925.0,2230
2370093.0,18
2370374.0,959
2370658.0,952
2370937.0,4796
2371657.0,3374
2371769.0,1909
2373055.0,3934
2374550.0,3198
2375302.0,4835
2375595.0,4197
2375894.0,3900
2376197.0,788
2377578.0,1338
2377805.0,3394
2379024.0,1782
2380233.0,4780
2380422.0,3988
2380591.0,4779
2381710.0,2667
2381727.0,120
2381832.0,1200
2382443.0,1637
2382735.0,1660
2383195.0,4480
2384049.0,1723
2384557.0,4323
2386379.0,2359
2387281.0,1230
2387410.0,4927
2389526.0,3899
2390055.0,1857
2392397.0,3024
2392599.0,1349
2392762.0,3424
2394285.0,1960
2394786.0,179
2396319.0,4053
2396596.0,1815
2398580.0,387
2399426.0,1824
2401169.0,3765
2402697.0,3944
2402737.0,4480
2403645.0,2703
2403964.0,1636
2405163.0,455
2405439.0,4751
2407071.0,2140
2407762.0,4479
2410980.0,387
2411786.0,4870
2412430.0,3917
2412636.0,4806
2412747.0,4371
2413467.0,1585
2413782.0,260
2413899.0,4691
2416669.0,1416
2417578.0,1058
2417612.0,4255
2419259.0,3113
2419382.0,2848
2419646.0,2992
2420371.0,4488
2422126.0,1396
2422301.0,481
2422495.0,4134
2423486.0,995
2423896.0,372
2425304.0,2154
2425448.0,4604
2426134.0,3663
2427046.0,488
2427239.0,4780
2427303.0,4646
2427353.0,2923
2427367.0,358
2430328.0,2287
2432063.0,3664
2433382.0,1320
2433482.0,740
2434476.0,3828
2434879.0,620
2436155.0,4639
2436860.0,1741
2437755.0,2696
2438030.0,563
2438644.0,929
2438646.0,159
2440749.0,4951
2442279.0,515
2445947.0,4921
2446167.0,419
2446388.0,2417
2447568.0,4648
2448336.0,3729
2449137.0,4726
2450253.0,599
2450552.0,1155
2452516.0,3564
2453284.0,3267
2453578.0,1034
2454923.0,382
2455685.0,4156
2456590.0,2266
2457624.0,267
2458066.0,3057
2459608.0,3185
2459738.0,3999
2460031.0,1541
2460909.0,4447
2463545.0,3852
2464813.0,423
2465890.0,4398
2468317.0,2678
2468716.0,2807
2469569.0,4044
2470288.0,2633
2470400.0,1289
2470502.0,2991
2472191.0,1099
2472200.0,4255
2472400.0,4870
2472597.0,2996
2473012.0,3485
2473145.0,4201
2473513.0,807
2475280.0,2913
2478419.0,1017
2478484.0,2150
2478597.0,2982
2480043.0,2289
2480110.0,3915
2480420.0,4225
2480983.0,4766
2482924.0,4857
2484361.0,2790
2485402.0,3416
2485754.0,1229
2485787.0,518
2486786.0,1259
2487511.0,132
2487558.0,4946
2488225.0,1039
2488396.0,4500
2490743.0,1179
2491185.0,2796
2491445.0,3870
2492474.0,2468
2492633.0,4345
2495069.0,966
2496052.0,3233
2496500.0,2279
2496549.0,1867
2496643.0,3587
2498934.0,2384
2499097.0,1109
2499131.0,4836
2499234.0,1743
2500314.0,4342
2502010.0,1686
2503363.0,2767
2504637.0,289
2505645.0,4120
2505744.0,3294
2506183.0,821
2506999.0,1103
2507072.0,1920
2509287.0,4533
2511246.0,1111
2511300.0,4939
2511381.0,4716
2511977.0,235
2512613.0,1
2512769.0,4046
2513229.0,844
2513786.0,1446
2516100.0,4366
2516222.0,2566
2516384.0,2548
2517454.0,3567
2518267.0,1267
2518868.0,3469
2520781.0,1185
2520956.0,3267
2521269.0,4084
2521361.0,1213
2521386.0,2725
2524333.0,180
2524346.0,337
2524682.0,4183
2525383.0,2826
2527768.0,1921
2528364.0,2314
2528657.0,4329
2528768.0,3599
2528816.0,3459
2531491.0,2387
2531948.0,1692
2533666.0,3313
2533755.0,1600
2533955.0,3236
2534142.0,2107
2535864.0,3568
2536901.0,3085
2537328.0,1477
2537425.0,2773
2540129.0,2467
2541596.0,3852
2541641.0,4291
2542755.0,3967
2542994.0,2842
2544243.0,1602
2544620.0,1585
2546117.0,1371
2546509.0,2653
2546579.0,2567
2547014.0,788
2547237.0,1051
2547443.0,2706
2548798.0,2477
2550633.0,4
2550763.0,2745
2551424.0,4934
2551838.0,1054
2552518.0,2595
2553304.0,2943
2553613.0,1684
2553839.0,3207
2553855.0,4473
2553937.0,569
2553961.0,1904
2554865.0,4126
2557183.0,334
2557211.0,2347
2560675.0,4028
2561246.0,1808
2562200.0,1888
2563702.0,2791
2564028.0,3733
2564032.0,577
2564232.0,4445
2567129.0,2493
2567971.0,3380
2568933.0,535
2571279.0,1380
2572870.0,502
2573319.0,3092
2575273.0,4477
2575294.0,4930
2575647.0,2940
2576336.0,729
2576806.0,3702
2576934.0,3420
2577176.0,747
2579359.0,3834
2580406.0,288
2581939.0,3554
2582112.0,2307
2583304.0,2941
2583911.0,1550
2584194.0,532
2585684.0,421
2586508.0,3102
2587896.0,871
2589947.0,1639
2590709.0,2955
2590897.0,3195
2591598.0,388
2591801.0,3153
2592374.0,4712
2593117.0,2846
2593304.0,55
2594429.0,4029
2594743.0,1835
2596367.0,613
2596822.0,2042
2598365.0,3082
2599682.0,975
2600190.0,1247
2600938.0,3547
2601555.0,2611
2601807.0,4760
2602999.0,4950
2603054.0,1642
2603189.0,902
2603722.0,399
2604013.0,4868
2604524.0,1488
2604776.0,838
2605267.0,651
2606388.0,1627
2608457.0,4240
2610074.0,3442
2610638.0,1432
2610737.0,2358
2612845.0,3006
2614221.0,2172
2615335.0,1280
2616515.0,22
2617603.0,190
2617693.0,1274
2619116.0,2608
2619571.0,1877
2620245.0,3794
2620833.0,3291
2621432.0,4214
2621863.0,4232
2622852.0,1500
2622972.0,495
2623687.0,366
2624273.0,795
2624273.0,1316
2624477.0,1198
2624771.0,2412
2624985.0,1376
2625092.0,4482
2625261.0,3315
2631019.0,4142
2631090.0,1084
2631097.0,917
2631413.0,4429
2631817.0,2738
2632032.0,4142
2632194.0,2793
2632247.0,1819
2633844.0,1918
2634676.0,1256
2635653.0,2899
2635795.0,2838
2636022.0,4657
2640390.0,2710
2641046.0,535
2641540.0,3567
2642456.0,4695
2642593.0,1069
2643572.0,2685
2643848.0,1856
2644781.0,3619
2644985.0,4777
2645430.0,1756
2647773.0,756
2648644.0,244
2649107.0,2750
2649717.0,1015
2650013.0,4806
2652207.0,925
2652416.0,3163
2652536.0,2428
2652775.0,566
2655228.0,2418
2656212.0,1573
2656418.0,3079
2657302.0,3422
2657747.0,2711
2657749.0,4609
2660135.0,4489
2662576.0,1806
2662746.0,4119
2662767.0,1008
2664300.0,4172
2666107.0,2333
2667499.0,3173
2668683.0,2925
2669186.0,4842
2670077.0,2755
2670996.0,4961
2671569.0,4030
2672693.0,10
2672705.0,1290
2672926.0,2504
2674262.0,4184
2674309.0,890
2674774.0,4200
2675870.0,4617
2676312.0,4317
2676721.0,1262
2677291.0,2127
2677704.0,4160
2680648.0,3248
2681267.0,1972
2681696.0,2862
2682367.0,349
2682820.0,3696
2683123.0,2201
2683256.0,1667
2683337.0,3334
2683723.0,1813
2684345.0,3125
2684724.0,2355
2684906.0,2518
2685417.0,3263
2689436.0,841
2690205.0,4877
2690585.0,4949
2691018.0,3992
2693778.0,3377
2693857.0,2179
2694898.0,3389
2696534.0,2338
2696592.0,805
2697065.0,2717
2697422.0,4358
2697789.0,880
2698043.0,1135
2700705.0,73
2702048.0,2586
2702679.0,4024
2702925.0,305
2703824.0,1868
2705622.0,3143
2706123.0,2607
2706983.0,3364
2708597.0,4266
2709078.0,4445
2709639.0,573
2710400.0,3519
2710576.0,3353
2710753.0,4174
2710936.0,1976
2711240.0,1615
2711284.0,4447
2711487.0,4685
2711978.0,4885
2712003.0,978
2712997.0,1114
2713265.0,107
2714007.0,2241
2714304.0,3676
2715392.0,2740
2720142.0,4015
2720707.0,1912
2720870.0,4247
2721789.0,1684
2722337.0,969
2723131.0,2302
2723163.0,4516
2723362.0,4584
2724235.0,3179
2724508.0,4522
2724633.0,348
2725169.0,750
2725795.0,4721
2730644.0,1037
2731108.0,1743
2731530.0,4241
2733504.0,936
2737845.0,3869
2738235.0,1953
2738517.0,699
2738598.0,3683
2740028.0,1680
2740595.0,2863
2742653.0,437
2742695.0,4099
2742948.0,4834
2745397.0,2875
2745778.0,3168
2746703.0,4386
2748256.0,4596
2748680.0,1178
2748796.0,3679
2749045.0,2189
2750295.0,141
2750449.0,2627
2750632.0,725
2751740.0,566
2751857.0,2369
2753225.0,3495
2753563.0,1897
2754343.0,3343
2755462.0,4562
2757641.0,1499
2758970.0,3039
2759878.0,2371
2760068.0,4421
2761895.0,4828
2762548.0,3633
2762588.0,3422
2763553.0,4046
2764521.0,3141
2765115.0,2311
2765252.0,2012
2766103.0,4866
2767452.0,2530
2767629.0,3547
2768248.0,4622
2768888.0,3316
2769718.0,3279
2770303.0,4502
2772448.0,4038
2772980.0,3444
2773600.0,3309
2774104.0,1384
2774580.0,341
2774783.0,4224
2776338.0,841
2777366.0,2288
2778095.0,279
2778276.0,1503
2778432.0,1087
2778867.0,3867
2780588.0,282
2783370.0,1894
2783972.0,4006
2784355.0,913
2784500.0,4739
2786290.0,1846
2787745.0,1147
2787930.0,1614
2788940.0,584
2788996.0,2680
2789076.0,2135
2789222.0,530
2790404.0,2449
2790736.0,4091
2790997.0,3924
2791267.0,1852
2791335.0,1998
2794116.0,1040
2795804.0,4205
2795872.0,4831
2797197.0,4799
2797443.0,2278
2797969.0,1903
2798378.0,3508
2799194.0,4744
2799784.0,3966
2800326.0,2010
2801125.0,4233
2801217.0,3796
2801794.0,1256
2802397.0,3518
2802935.0,4820
2802978.0,1367
2803853.0,4975
2804916.0,199
2805307.0,3820
2805783.0,1449
2805891.0,253
2806739.0,560
2807846.0,2424
2812304.0,2936
2812392.0,3987
2812599.0,88
2813242.0,623
2816179.0,3501
2816255.0,1518
2817666.0,2811
2817678.0,885
2820886.0,2320
2821136.0,3301
2821310.0,4861
2822287.0,2216
2822611.0,4084
2823200.0,4235
2823911.0,56
2824640.0,4256
2824764.0,268
2824826.0,3139
2826695.0,3096
2826804.0,4287
2826952.0,3663
2828476.0,4822
2830592.0,3374
2830790.0,659
2830852.0,601
2833606.0,4172
2834366.0,3614
2835431.0,3347
2835772.0,4164
2838091.0,1856
2838153.0,3161
2838460.0,1334
2838670.0,3835
2838943.0,1388
2840213.0,2040
2841074.0,4969
2841117.0,904
2842875.0,1817
2843201.0,3878
2843271.0,3291
2843649.0,500
2843963.0,4651
2844649.0,630
2844940.0,4268
2846343.0,3883
2846681.0,3868
2847082.0,102
2850627.0,3043
2851101.0,847
2851242.0,3119
2851294.0,3229
2852278.0,4348
2853623.0,2597
2854323.0,3906
2855396.0,3588
2855621.0,3302
2855965.0,1550
2859092.0,4329
2859355.0,4061
2859572.0,4909
2860916.0,3551
2863435.0,2936
2863626.0,2703
2863967.0,3109
2866824.0,907
2867193.0,4918
2867196.0,1756
2867926.0,3792
2868721.0,1002
2870224.0,914
2870962.0,3071
2871150.0,2090
2871722.0,4107
2872012.0,1798
2873326.0,1256
2874230.0,2219
2875878.0,4620
2876284.0,292
2877602.0,2969
2879108.0,2895
2879242.0,4071
2880147.0,359
2881256.0,3231
2881466.0,746
2882961.0,1369
2883107.0,3214
2883889.0,4644
2885734.0,2839
2887027.0,4591
2888061.0,1752
2888385.0,2072
2888975.0,4636
2890311.0,3793
2890947.0,2360
2891322.0,3995
2892393.0,3526
2892984.0,2908
2893135.0,2513
2893346.0,2526
2893361.0,4314
2894339.0,2016
2894564.0,2091
2894785.0,2760
2895675.0,4710
2900599.0,1535
2901758.0,2990
2901882.0,1089
2902149.0,2520
2903105.0,2945
2903253.0,3024
2904721.0,219
2905814.0,595
2906357.0,2543
2906508.0,3311
2906897.0,4188
2907114.0,1711
2910520.0,147
2910700.0,3027
2910786.0,4175
2911300.0,1896
2911563.0,4804
2912401.0,687
2912853.0,481
2913302.0,1803
2913948.0,363
2915129.0,1007
2915237.0,152
2916160.0,2158
2920030.0,2909
2920072.0,1034
2921385.0,2027
2922044.0,4870
2922362.0,3368
2923312.0,433
2923314.0,916
2923409.0,2360
2925402.0,3497
2925580.0,1347
2926487.0,2121
2926836.0,2379
2930815.0,4746
2931902.0,4073
2932127.0,3448
2933640.0,3715
2933875.0,2924
2934269.0,4967
2934413.0,2661
2935813.0,4035
2935937.0,2073
2936215.0,73
2937567.0,550
2940097.0,3002
2940428.0,4015
2940510.0,774
2941629.0,3239
2941691.0,769
2945223.0,1025
2947893.0,1070
2948599.0,195
2949724.0,660
2949825.0,530
2949994.0,2946
2950559.0,74
2951530.0,4164
2951993.0,4826
2952988.0,2817
2953310.0,2939
2955621.0,1021
2955810.0,2078
2956735.0,2565
2957475.0,1862
2959818.0,3481
2960631.0,4102
2961154.0,834
2964199.0,2325
2964586.0,874
2965190.0,4653
2965555.0,1692
2965570.0,3263
2965818.0,2511
2967726.0,1070
2968028.0,3911
2970831.0,4418
2970909.0,3035
2971944.0,3696
2972228.0,2713
2974751.0,1038
2976223.0,2505
2981404.0,3062
2981546.0,4563
2982576.0,2631
2982868.0,124
2983977.0,855
2984483.0,2393
2984679.0,2549
2986155.0,2551
2987006.0,4447
2989831.0,2944
2990674.0,4091
2991479.0,920
2992715.0,4407
2993136.0,750
2994957.0,4885
2995941.0,2905
2996386.0,4988
2997828.0,3214
2999289.0,3792
3000443.0,4600
3001715.0,4909
3002074.0,1411
3002576.0,699
3003631.0,2023
3004741.0,2249
3007388.0,1140
3007645.0,637
3008957.0,1899
3009129.0,2218
3010574.0,610
3010887.0,249
3011112.0,3114
3013860.0,100
3014292.0,4803
3015358.0,2517
3015682.0,1027
3017456.0,2072
3017809.0,3976
3019881.0,3898
3021119.0,3791
3022812.0,994
3023704.0,1394
3024716.0,656
3024776.0,3416
3028083.0,635
3028914.0,2082
3030365.0,3290
3030789.0,2512
3031120.0,893
3031354.0,1628
3032323.0,1396
3034782.0,1584
3035438.0,3417
3036747.0,2286
3038521.0,2436
3039241.0,2763
3040181.0,1353
3042446.0,923
3042555.0,2571
3044664.0,1662
3045388.0,749
3047435.0,934
3047538.0,1596
3047631.0,4632
3052060.0,4067
3052154.0,593
3052900.0,4417
3053525.0,3861
3054060.0,4746
3054380.0,1673
3056317.0,1858
3056370.0,2404
3059992.0,1337
3060890.0,3925
3062464.0,181
3063095.0,2230
3064287.0,3109
3065188.0,821
3066381.0,1658
3067222.0,1591
3067425.0,220
3068309.0,4208
3069475.0,2684
3070271.0,541
3070490.0,857
3070590.0,2282
3074756.0,795
3074972.0,2450
3075090.0,244
3075570.0,900
3076817.0,4547
3076827.0,4140
3078722.0,2729
3080644.0,953
3080746.0,633
3081220.0,318
3082216.0,737
3083147.0,808
3084380.0,4689
3084484.0,3835
3085680.0,379
3087456.0,2005
3088950.0,3087
3091014.0,3321
3091581.0,150
3093615.0,469
3093806.0,1909
3094608.0,1724
3094641.0,4711
3096807.0,3716
3098346.0,1835
3100125.0,3562
3101099.0,2223
3102292.0,4471
3105579.0,355
3108247.0,3888
3110075.0,359
3110821.0,2980
3110842.0,2869
3111771.0,3290
3112900.0,4769
3114095.0,175
3116779.0,4335
3117603.0,2847
3117984.0,3252
3118170.0,2753
3121326.0,4892
3121887.0,2834
3122110.0,2159
3122240.0,2844
3122618.0,4788
3122684.0,989
3122836.0,2621
3122937.0,4885
3123026.0,318
3124767.0,1111
3130015.0,2323
3135051.0,2495
3135382.0,4834
3138269.0,1982
3140968.0,2084
3141121.0,2318
3143060.0,4927
3144337.0,910
3144845.0,1945
3146775.0,744
3148920.0,809
3151066.0,1111
3151127.0,1273
3151743.0,2970
3151765.0,1199
3151894.0,4615
3152375.0,2912
3152990.0,4460
3153046.0,797
3153395.0,3447
3163966.0,1792
3165147.0,613
3165232.0,4852
3165757.0,4548
3165762.0,578
3167680.0,4047
3171255.0,3262
3172412.0,4692
3173265.0,1133
3177117.0,3194
3178270.0,2026
3180678.0,759
3183155.0,390
3185281.0,1888
3190360.0,3773
3191368.0,2725
3192508.0,4247
3193088.0,883
3193115.0,3792
3195261.0,1912
3195470.0,1643
3195932.0,1517
3201192.0,2705
3203486.0,4648
3204268.0,1568
3204747.0,2882
3205723.0,4896
3206296.0,257
3211603.0,2136
3211936.0,3368
3212114.0,4092
3212362.0,4831
3214893.0,450
3217431.0,4720
3219494.0,4735
3219963.0,3401
3220352.0,4426
3220431.0,2470
3221287.0,3453
3222686.0,3705
3222727.0,2410
3224440.0,264
3225431.0,3397
3226435.0,1587
3231228.0,4178
3232140.0,3415
3232833.0,667
3234342.0,474
3235050.0,3374
3235091.0,1872
3238373.0,2764
3242141.0,2372
3242215.0,3168
3242951.0,4845
3248392.0,1302
3252881.0,3964
3260743.0,4574
3261279.0,2709
3261749.0,2547
3262738.0,2707
3262781.0,2870
3263087.0,11
3263447.0,2996
3270168.0,808
3274287.0,1030
3277685.0,4360
3279766.0,780
3283231.0,4485
3284709.0,3143
3285569.0,4326
3285756.0,1000
3286540.0,3718
3286630.0,742
3292101.0,1875
3293798.0,2836
3297744.0,2451
3312596.0,4830
3314201.0,3881
3315171.0,4387
3318120.0,1195
3319451.0,2523
3319577.0,1254
3320070.0,3568
3322621.0,2619
3322892.0,1123
3326155.0,3333
3327153.0,1151
3328243.0,3702
3332994.0,2846
3343922.0,1064
3344172.0,4357
3344466.0,3767
3345447.0,4737
3349698.0,2070
3354060.0,4356
3357856.0,1871
3360189.0,1100
3363633.0,1574
3364249.0,4587
3365703.0,3722
3365908.0,1042
3370219.0,863
3371179.0,3082
3371849.0,2290
3373224.0,3934
3374120.0,552
3375608.0,1400
3380301.0,3915
3381024.0,3548
3382331.0,3096
3386524.0,2583
3387594.0,868
3392722.0,3271
3394614.0,1409
3396042.0,3727
3396734.0,734
3397441.0,2018
3402705.0,1797
3406098.0,3121
3406582.0,4092
3407192.0,3153
3409124.0,1743
3410409.0,838
3411336.0,4272
3415104.0,1731
3416391.0,2551
3417802.0,415
3420769.0,2295
3422218.0,3785
3422387.0,3053
3422942.0,2867
3424560.0,3465
3430149.0,1902
3440602.0,3174
3442897.0,155
3443137.0,4939
3443420.0,2769
3448586.0,2346
3455477.0,2709
3455848.0,2923
3458535.0,2293
3464948.0,3827
3465166.0,4139
3467520.0,1348
